Signal Analysis

sof - 280,9000
word 0 - 275,900
word 1 - 880,310

data - 001101101010111011010010
decimal - 3583698
hex - 36AED2

Examples

270,8988 - sof
269,888,286,884,884,308,888,316,274,884,886,314,882,318,274,900,886,304,278,902,886,310,280,896,880,308,880,316,882,312,288,896,882,310,890,312,278,888,896,308,0,284,290,892,878,306,288,900
0       0       1       1       0       1       1       0       1       0       1       0       1       1       1       0       1       1       0       1       ?     0       1       0    

286,9066 - sof
253,894,288,888,10,0,872,320,886,302,290,894,884,306,888,310,286,900,878,310,292,894,890,310,274,908,876,312,886,310,888,310,290,886,890,318,878,324,278,896,886,306,294,886,290,896,890,314,278,902
0       0       ?    1       1       0       1       1       0       1       0       1       0       1       1       1       0       1       1       0       1       0       0       1       0

284,9092 - sof
283,896,284,894,886,308,886,314,278,898,884,324,882,306,284,904,886,306,288,904,886,300,288,898,888,312,888,306,882,318,286,898,884,312,888,312,280,902,884,316,288,900,282,898,888,312,278,902
0       0       1       1       0       1       1       0       1       0       1       0       1       1       1       0       1       1       0       1       0       0       1       0

290,9108 - sof
267,888,290,900,886,300,892,306,286,900,890,300,898,306,290,900,886,312,274,898,892,314,278,902,896,306,894,294,892,320,280,898,888,312,888,308,282,902,896,304,290,902,278,900,896,302,288,904
0       0       1       1       0       1       1       0       1       0       1       0       1       1       1       0       1       1       0       1       0       0       1       0

249,9022 - sof
280,912,266,892,888,312,876,320,274,896,878,316,888,308,282,902,874,324,276,904,872,316,278,906,874,322,878,320,876,314,278,904,876,324,876,320,270,906,886,314,274,906,282,902,880,312,276,910
0       0       1       1       0       1       1       0       1       0       1       0       1       1       1       0       1       1       0       1       0       0       1       0

284,9076
257,922,266,912,868,318,882,320,270,906,880,320,878,310,292,892,890,308,290,894,886,316,280,902,878,324,882,308,882,320,280,906,878,322,874,318,286,900,884,318,278,906,276,908,876,324,278,908

282,9106
247,916,266,910,874,324,874,320,280,904,880,320,878,312,290,900,878,320,280,904,882,320,274,902,894,310,888,310,884,312,282,906,882,310,894,310,286,904,876,324,276,908,274,906,888,314,278,904

282,9118
245,934,242,926,872,326,874,328,270,906,882,310,880,322,284,900,888,308,290,898,880,316,286,902,878,318,886,310,888,320,276,910,884,316,874,318,286,904,886,312,276,912,282,904,874,318,288,904

284,9122
231,950,252,924,868,322,876,322,286,902,876,314,894,306,286,900,884,322,278,900,886,316,280,906,884,316,884,320,876,324,274,904,888,312,882,320,278,912,878,320,278,908,278,906,884,320,280,904

278,9136
280,926,258,924,870,320,876,330,270,906,880,322,882,306,292,904,882,310,282,908,882,320,276,906,886,316,884,312,882,320,282,902,888,314,884,318,276,904,884,320,280,904,288,902,886,314,276,904
